001000 01010 01010 00000 00000 000100 600 ADDI R10, R10, #4
000100 01010 01000 00000 00000 000001 604 BEQ R10, R8, #4
000010 00000 00000 00000 00010 011100 608 J #600
000000 00000 00000 00000 00000 000000 612 NOP
000000 00000 00000 00000 00000 001101 616 BREAK
00000000000000000000000000000000 668 0
00000000000000000000000000000000 672 0
00000000000000000000000000000000 676 0
00000000000000000000000000000000 680 0
00000000000000000000000000000000 684 0
00000000000000000000000000000000 688 0
00000000000000000000000000000000 692 0
00000000000000000000000000000000 696 0
00000000000000000000000000000000 700 0
00000000000000000000000000000000 704 0
00000000000000000000000000000000 708 0
00000000000000000000000000000000 712 0
00000000000000000000000000000000 716 0
00000000000000000000000000000000 720 0
00000000000000000000000000000000 724 0
00000000000000000000000000000000 728 0
00000000000000000000000000000000 732 0
00000000000000000000000000000000 736 0
00000000000000000000000000000000 740 0
00000000000000000000000000000000 744 0
00000000000000000000000000000000 748 0
00000000000000000000000000000000 752 0
